1.6036305584564763,
0.22525608682704693,
-0.34437481277048276,
1.4440150150762052,
0.38197848427107051,
1.5063677897017713,
-0.27576158505003773,
1.0296099782367261,
2.0155200765240862,
-0.33425997743041602,
-0.76839251471063363,
1.4744399158642474,
1.9121615147639781,
1.0455894937562566,
0.10096654586288638,
2.5885970509369658,
0.47407448705219352,
-0.49718425527888044,
0.71808945922311029,
0.9361720799435389,
1.4845951889710878,
1.9594099443805804,
1.5245597240111735,
1.8352299419447233,
0.49104364159567387,
1.4624770907999975,
1.149167172909858,
1.8496820269876495,
2.7107101274016743,
2.2304206098671147,
2.3188322777409835,
1.0262649830438633,
1.1848319905129536,
1.6974428088697384,
2.0196561194903868,
1.7515232136730712,
1.5576867771557998,
1.669964976096197,
2.3820804957984514,
0.95745259593843601,
1.5715378802155029,
1.1957962840551981,
2.9394920367734962,
2.4017866291411205,
0.055383878041198056,
1.5988146209585918,
2.1777778124564859,
0.66425093169078409,
1.5504212742241783,
1.7697855480958866,
3.0678138983236329,
3.3217638132867617,
2.3710746697389085,
1.3680516044519595,
1.3175452285768865,
3.2595945186327082,
3.8932528781285956,
3.9291255248052748,
3.0214832958601203,
3.7869186146737124,
2.9087380302105359,
2.0993120225667337,
3.8759241276312575,
2.3556597448032912,
3.5369540551134424,
3.7760254211346611,
4.4340721381528292,
1.6902517016067458,
3.156127477347543,
3.0987326342193855,
4.2978913285936082,
2.8890193417386985,
5.7228216700089511,
3.1872827235123804,
2.6395651026004892,
1.9234968299172635,
5.8758035954674623,
4.1595543570778819,
5.4104473839168188,
3.5686533814984154,
3.5002177939376384,
4.0149775242030863,
5.7300934725140316,
3.2738065533780238,
6.4931953421460049,
3.4252159321520534,
3.8775044785798882,
4.8287288637174708,
5.2431308211606673,
3.8458436915410839,
5.1221856718197811,
4.583663213596413,
4.1400156039091902,
5.5405713091200859,
3.2195385477995879,
3.5717185547483639,
6.6743892931240856,
4.7967088515133982,
5.8656771881458996,
3.6636650780063529,
5.0783246549319774,
5.0272608439225079,
6.5415417148391466,
5.4954895727895998,
5.0449946672105295,
4.8837019459348445,
3.4962764402591002,
6.1762728359014565,
5.0147708679447573,
3.0092770436862435,
7.3444585221503891,
4.3901464025224284,
5.979549534567238,
6.2995537861112609,
5.4233627099064048,
4.5975193414659001,
6.8742738873037625,
5.9039841438811793,
6.3487540145701953,
5.4204230295005651,
6.7998839130231907,
6.2925565934552203,
5.7080493479195376,
5.3654753189475599,
7.1158357849203826,
6.2733852085422379,
6.7219162641897165,
7.5918367186127149,
6.5818107070005363,
6.0675397626955929,
4.2450648879231521,
7.6805714087402492,
7.143798407358676,
7.8356220712681424,
6.4184644018492083,
7.3966290997319595,
7.4145483835005415,
7.8619691552757853,
6.318751771953842,
7.6151230643644592,
5.3578444980064672,
5.7286014416318274,
4.3691040650319275,
8.2764693353377421,
7.2782833071652586,
7.0558455088398944,
5.825867409083278,
7.1889931796445854,
6.8658016399467874,
7.7128574983363443,
7.3222973002898772,
9.0921509806075154,
8.4799720192770174,
9.3033217636749459,
9.0628314840041959,
6.6517372458330568,
8.4537182660200685,
9.1207037142969636,
7.5043803789143926,
8.1091007480939421,
6.3013055564564251,
8.9940931644699909,
7.8329588818620151,
6.1898764496412211,
9.0653524092238129,
7.7731835446480284,
7.5215388144198627,
6.7997459609535795,
9.2491231424480471,
8.1059520740053799,
7.4698007701961169,
7.9897757075114066,
8.0454683181852609,
7.6506946297846881,
9.2150753137327239,
10.678781899601791,
7.7111244527413403,
8.5161799045319633,
8.5849631730565665,
9.4437789812729438,
9.7820242804797157,
8.0071934280206793,
10.668228348845483,
8.9069478180616724,
9.5134304314768521,
9.2313586805884125,
9.9497480714924702,
9.6450031221232067,
9.7084168700901472,
9.8484043652567106,
10.020470088850725,
10.157122526039569,
10.307483534256139,
10.713179702453115,
10.802637631329439,
10.56241987424646,
9.9053786403183537,
8.5631363010208492,
10.913548478196232,
9.481222455324577,
9.4046477118846035,
9.9723777731902263,
8.403169275762318,
10.457456879728142,
8.9122239338357598,
10.1893756555335,
9.4501696585782753,
12.00558424135785,
10.367958171026084,
9.017117587589043,
10.813093854829502,
11.524628981347989,
9.9546362721088233,
9.7807133097582408,
11.597707123321051,
11.661302513299521,
11.438335191690463,
12.758769677969569,
10.462762138335574,
10.941147404216508,
11.305192534794049,
11.935363623315199,
10.543671924652887,
11.902397805296216,
11.310690161228123,
12.286321150943227,
11.693794792540523,
11.120189810165739,
10.892559611069229,
12.845931186292221,
11.806166685268494,
12.05232937976141,
12.021808170971587,
10.205616747563981,
11.908842670847779,
12.320884799401695,
10.090933555630357,
13.271564986382062,
12.996191536157696,
11.467802197379804,
11.496592622447775,
11.921952494486684,
11.910591561824699,
12.04886135055424,
11.728127010197323,
12.148204446225254,
13.25492129699713,
10.927049026817965,
12.38832484291731,
13.719465975277046,
11.985911210833086,
13.014997402573229,
13.035286421109729,
12.30421483797827,
14.420211817661098,
11.349532252961204,
12.731725129356866,
14.804507784241228,
13.017600678862127,
13.63214577628948,
12.218237315646412,
13.744757321813626,
13.309223170652025,
12.907068826269652,
13.538756374493619,
12.680104286632233,
13.817949056259687,
12.016734916200056,
15.327796043448577,
13.08325115036245,
14.116287030154773,
15.031360897916365,
15.332271827822547,
13.687178764789957,
14.157457222698424,
14.612928941639948,
14.298872542665908,
14.832138806691674,
13.300999846756145,
13.88947071571098,
15.75062995241313,
13.405076790280271,
13.436697446001155,
15.680868827737292,
15.018137777148485,
15.027131138824135,
15.627726773287609,
14.651412352289814,
14.622892586130019,
14.054618184300365,
14.749507271728202,
15.11743395420798,
13.318707751283744,
15.254309476579774,
14.652193442774701,
14.246421747346792,
14.38016256929825,
15.005942493610059,
15.330678410519122,
14.380368161646166,
16.957261993371493,
14.350476457136086,
16.077900514498477,
13.946804969223178,
16.004202053163521,
15.386321810229273,
15.841697338284503,
15.107563165987791,
15.320092699549601,
14.740902576034726,
16.001287305091612,
16.639016032748209,
14.815817949258074,
14.59673809328752,
16.057832216724858,
15.405874307595042,
16.379084017648182,
15.167582359576746,
15.24800007408542,
18.302080781067936,
18.145307137587341,
15.063193831140916,
15.676072756004652,
15.476361555112062,
17.360570626537438,
17.214589218431421,
16.56110835445206,
15.80725001759372,
15.284886316579865,
16.294203517577923,
16.207099971955184,
17.861529494690508,
15.417753376717261,
16.041283795127967,
16.347349482793433,
16.690078718434012,
16.969546492963381,
17.338559972850408,
17.431249470925692,
16.260604796394876,
17.392637634155808,
18.588504120781199,
16.525646139596311,
18.187586335490021,
16.226303540971688,
17.642617881061046,
17.405654379726204,
17.618149186156735,
17.682278200748851,
19.639307161984057,
17.762696237111989,
17.531647664977388,
18.073460228592076,
16.795174919216191,
16.317959726430026,
19.287900241856537,
18.183007001946265,
18.68107065519353,
18.328408692200711,
18.832180840328519,
16.779407609117339,
16.467367691173017,
18.36208502102442,
19.624322445608797,
19.27707650712755,
19.776840861047109,
17.364935251932192,
18.944952608074388,
18.443316174884529,
17.597235379061633,
18.431393330560383,
19.200505806700576,
18.729069041346531,
20.145587483133433,
19.586455649420596,
17.597340390546961,
19.776541549554725,
18.592575623463404,
19.452468540773442,
20.5446708619113,
18.796581234994534,
18.347108759989084,
18.30033963248723,
19.384853910563166,
18.68405930753535,
18.392027475072695,
18.696170282180312,
20.276219515413661,
18.501424523058045,
18.922228042788106,
20.131070142826282,
19.187963063686809,
20.323010503632698,
20.866308257855142,
20.549022550123958,
20.107587165306764,
21.137266541426957,
18.774564617462872,
20.741740459331304,
20.128687653539473,
20.063386230403903,
21.114610661151449,
20.588411680531273,
22.256794411117127,
20.194421198555862,
21.900898724723454,
20.663528368651189,
21.278524504809408,
19.760505653783927,
19.289663947472658,
20.510869024764204,
20.830964473673177,
20.531879338371969,
20.557024154371295,
22.003265118542529,
19.4901534115487,
20.471564678967635,
21.285389020228013,
19.860232706677952,
19.103871155733287,
20.761665640619615,
21.814199535546532,
20.333299297140513,
22.144646383677131,
22.504921293323573,
20.531353276009636,
20.776917127621829,
21.904323022415344,
20.24479520427213,
20.784283244518729,
20.892866572945103,
23.279254244931877,
20.833396951657807,
21.404821924740073,
22.639724459904308,
22.248041744673714,
21.606141866349375,
21.817732955762317,
22.322357492512619,
21.474097927687918,
21.951617623958612,
21.976749359668645,
22.616874602733333,
20.915624541087674,
22.588522613910257,
22.22614307011477,
23.525733585600083,
21.812012158606883,
21.867716390764006,
23.385968031149229,
20.718043809862962,
22.43652537091728,
21.38323591018208,
22.834424513871184,
21.731412804901989,
22.333676155786328,
24.032792281778988,
23.130836223811158,
21.110349394256726,
22.301161732457665,
23.218572040091807,
23.012704244962304,
23.305633383762409,
22.075342393771038,
24.382414475247558,
25.285225116423437,
23.087360703670477,
22.779605743504973,
20.623452866738379,
22.254665457945475,
26.239468429285786,
22.471507946855418,
25.201529140076925,
22.758689395040847,
24.508441483709042,
24.115333574710125,
21.474325811957282,
22.505500930597687,
23.283472955542866,
23.719467293793706,
24.333523496514168,
24.68951234725677,
23.860339706098753,
24.817258663955524,
25.08450470835546,
25.203105552360139,
24.689414791143196,
24.162923915747196,
24.514541541601155,
23.880094590641423,
25.697422715566216,
27.004862005454502,
24.231828705797355,
25.130356264120341,
23.751971481564336,
24.081569965167898,
25.099340134629315,
25.351326366746875,
26.496062876111328,
26.035770933233998,
